Cross Species predictions


NaiveBayes:
ULCA
BiologicalProcess
String
SP 0.96 0.86 0.87 0.81 0.69 0.63 0.63 0.61
EC 0.92 0.90 0.86 0.82 0.70 0.74 0.66 0.63
SC 0.96 0.88 0.89 0.82 0.72 0.71 0.63 0.62
HS 0.93 0.87 0.87 0.85 0.69 0.71 0.65 0.62
AT 0.95 0.84 0.87 0.80 0.83 0.65 0.67 0.61
CT 0.82 0.86 0.80 0.75 0.62 0.77 0.59 0.59
DM 0.94 0.84 0.86 0.80 0.76 0.71 0.75 0.62
MM 0.91 0.88 0.86 0.79 0.74 0.70 0.69 0.66

NaiveBayes:
ULCA
CellularComponent
String
SP 0.93 0.82 0.84 0.80 0.59 0.72 0.63 0.58
EC 0.85 0.82 0.84 0.79 0.59 0.72 0.65 0.58
SC 0.90 0.77 0.89 0.81 0.67 0.71 0.63 0.60
HS 0.86 0.80 0.85 0.83 0.63 0.72 0.66 0.59
AT 0.87 0.71 0.78 0.76 0.81 0.63 0.69 0.64
CT 0.77 0.78 0.70 0.71 0.56 0.77 0.64 0.55
DM 0.91 0.77 0.85 0.80 0.71 0.72 0.73 0.63
MM 0.84 0.74 0.80 0.79 0.78 0.69 0.71 0.67

NaiveBayes:
ULCA
MolecularFunction
String
SP 0.90 0.84 0.77 0.70 0.83 0.71 0.68 0.63
EC 0.88 0.88 0.75 0.73 0.75 0.76 0.65 0.63
SC 0.91 0.83 0.81 0.76 0.84 0.71 0.69 0.64
HS 0.87 0.84 0.80 0.82 0.76 0.73 0.68 0.66
AT 0.90 0.82 0.76 0.70 0.83 0.68 0.67 0.62
CT 0.82 0.81 0.72 0.64 0.75 0.79 0.63 0.60
DM 0.87 0.80 0.74 0.74 0.83 0.69 0.73 0.64
MM 0.87 0.82 0.78 0.74 0.82 0.69 0.70 0.70




NaiveBayes:
ULCA
BiologicalProcess
                                 Test
                      SC   HS   DM   MM   CT   EC   AT
           SC_string 0.90 0.85 0.65 0.64 0.77 0.93 0.69
      T    HS_string 0.87 0.86 0.67 0.64 0.76 0.93 0.66
      r    DM_string 0.87 0.82 0.76 0.62 0.75 0.91 0.75
      a   MM_biogrid 0.83 0.82 0.66 0.71 0.61 0.85 0.52
      i    CT_string 0.84 0.83 0.68 0.62 0.80 0.92 0.65
      n    EC_string 0.87 0.85 0.68 0.64 0.78 0.95 0.66
           AT_string 0.87 0.82 0.72 0.63 0.65 0.89 0.81


NaiveBayes:
ULCA
BiologicalProcess
                      SC   HS   DM   MM   CT   EC   AT
           SC_string 0.90 0.84 0.65 0.62 0.74 0.92 0.72
           HS_string 0.87 0.86 0.67 0.64 0.74 0.91 0.69
           DM_string 0.86 0.81 0.75 0.63 0.74 0.89 0.73
           MM_string 0.87 0.81 0.72 0.67 0.76 0.91 0.71
           CT_string 0.80 0.78 0.62 0.61 0.82 0.90 0.62
           EC_string 0.88 0.85 0.68 0.64 0.76 0.94 0.68
           AT_string 0.88 0.81 0.69 0.64 0.66 0.86 0.81

RandomForest -I 100:
ULCA
BiologicalProcess
                    SC_string HS_string DM_string MM_string CT_string EC_string AT_string
           SC_string 0.98 0.84 0.69 0.66 0.75 0.88 0.84
           HS_string 0.88 0.98 0.65 0.64 0.73 0.89 0.75
           DM_string 0.87 0.84 0.87 0.67 0.72 0.88 0.86
           MM_string 0.86 0.84 0.74 0.85 0.72 0.88 0.83
           CT_string 0.80 0.80 0.61 0.57 0.85 0.87 0.73
           EC_string 0.85 0.82 0.68 0.65 0.78 0.99 0.75
           AT_string 0.88 0.81 0.72 0.67 0.73 0.87 0.89


NaiveBayes:
ULCA
BiologicalProcess
                   SC_park HS_park HS_string
             SC_park 0.85 0.58 0.83
             HS_park 0.77 0.68 0.71
           HS_string 0.80 0.59 0.86
